n_iter <- 200
minimum <- -1
maximum <- 1
most_prob <- -0.99

# The following values are default values for P_initial produced for n.iter=200, a flock size of 100 and prevalence of ESBL EColi among animals in this flock of 20% (using the seed 19)
P_initial <- c(15.42637,22.422,19.06033,18.17992,25.62394,19.53159,24.63299,17.33543,19.42991,19.76792,23.07478,25.05273,23.44262,19.70769,23.81095,19.42641,18.07411,23.00153,17.52601,28.53047,16.05873,20.59355,26.29563,16.24747,23.15779,20.03142,34.43514,21.775,29.12744,18.86147,23.38802,21.56202,10.2502,17.99724,16.37554,21.45321,17.85876,15.96619,19.06932,20.13166,23.383,24.73392,27.74108,21.41131,18.05946,17.51488,19.43332,19.62128,15.63239,24.49344,15.59158,21.69288,24.57102,21.46842,19.12652,24.42486,14.2868,25.47548,22.8133,18.5316,14.14417,16.21549,18.59765,22.15012,22.99757,24.35454,12.63106,23.08045,16.92366,24.70979,11.87639,20.9148,19.45295,16.31739,21.63222,12.74486,19.94737,22.7797,23.56778,21.25845,17.76879,24.93295,17.26901,12.24935,24.47311,16.73211,30.40144,20.04898,20.68802,24.52813,21.23461,22.84597,25.22941,26.28471,19.48657,20.09786,24.20667,15.34162,19.34036,22.16535,12.41947,18.95638,26.4466,27.04283,28.31579,19.47017,17.77202,22.70472,20.9912,18.66102,30.6264,21.62872,26.96826,12.94146,21.95082,20.67194,18.21947,17.04959,26.22664,24.11637,22.18793,21.84239,25.33954,27.46636,24.51488,21.30734,23.44013,24.06092,16.83612,17.55188,20.19244,19.313,23.46007,19.66849,15.92665,16.30552,25.87004,15.69157,15.70221,26.59358,20.72135,29.60702,20.39942,25.95728,22.29187,21.99863,26.56412,22.01621,24.07605,12.53995,20.50937,12.60206,19.981,25.04266,16.76044,25.29613,25.01492,15.78027,19.8929,23.43813,19.85478,18.12062,20.20129,19.698,27.68263,20.76368,16.39217,17.68928,23.10565,22.80124,18.21782,19.2748,21.23441,19.55983,23.20115,19.48402,24.48052,21.47021,14.31269,20.43239,23.97756,27.51869,15.9007,14.88898,13.94618,17.41767,20.06858,25.15529,18.18363,19.08773,14.37479,15.12548,18.15303,15.80071,23.79884,28.68654,19.63131,27.01103,15.51835,13.76489)
#therfore this is the same as: set.seed(19);P_initial <- 100*(rbeta(n.iter, shape1= 20 + 1, shape2 = 100 - 20 + 1 ))



#P_initial <- rep(1,200) # for testing only

# Parameters for vertical transmission among ANIMALS
# n.iter: number of iterations of the stochastic modelling
# P_initial: initial value for prevalence = prevalence at the end of previous step
# maximum:   factor by which initial prevalenve increases the most (if maximum > 0) or decreased the least (if maximum < 0) -> corresponds maximum of triangle distribution
# minimum:   factor by which initial prevalenve decreases the most  -> corresponds minimum of triangle distribution
# most_prob: most probable factor for change of initial prevalence -> corresponds to peak value of triangle distribution
# elements: can be "flocks" or "animals" and is used in the model script to create file names which store the end results to be used in subsequent model steps
