n.iter <- 200

#params_horizontal <- data.frame("K" = 1, "nanim" = 100, "r" = 0.15, "t" = 0.29, "elements"="animals", row.names="BaselineESBLEcoli")

K <- 1
nanim <- 100
r <- 0.15
t <- 0.29

# K:         Carrying capacity of a flock
# nanim:     number of animals in one flock
# r:         rate of growth for number of infected animals in one flock at a given stage (i.e. hatchery, truck, hen house)
# t:         time animals spend at a given stage (i.e. hatchery, truck, hen house)
# elements:  type of object modeled, here animals (as opposed to "flocks")


# The following values are default values for n_i0 produced for n.iter=200, a flock size of 100 and running vertical transmission with triangle distrib. ith -1,1,-0.99 and using the seed 19
n_i0 <- c(1.935721,12.71271,15.66345,1.353314,10.52182,4.736094,7.912544,12.07932,23.1919,18.89457,10.68439,13.02975,25.5023,28.58746,5.889829,26.90452,8.160216,15.8312,8.593648,34.16895,14.51137,32.84028,29.81554,20.34258,21.97171,12.73988,16.64313,13.35931,28.92521,10.55415,10.55013,16.73892,3.190878,19.87838,23.52362,23.20137,15.9757,14.40701,5.014327,4.756479,33.79569,9.373871,4.414774,12.71426,10.6548,14.75995,24.47719,4.087681,2.664281,3.23267,14.24919,20.5345,12.81333,6.883457,33.2732,3.448148,1.014574,33.39331,16.86773,10.64093,21.02841,11.52639,7.24205,38.73768,21.66689,17.25998,8.995757,23.70676,19.82166,34.74927,0.4641947,23.42121,37.14702,21.1278,0.301414,1.223592,6.068193,2.138808,4.205278,15.78051,12.40829,32.38933,28.7909,9.204453,7.138595,20.03624,4.676341,23.22836,8.515107,4.684093,11.3288,27.98973,23.75414,10.02352,21.41725,12.43532,33.53659,3.230087,13.40252,1.834815,19.62866,9.226781,8.196855,31.95928,7.419424,19.23446,8.030689,3.938026,35.07843,30.94347,14.49612,2.672764,3.661242,14.39913,23.53549,3.294764,2.435465,19.73338,19.11645,13.29316,23.98349,28.61863,17.74421,28.63623,10.24255,21.20005,24.95026,20.25662,1.33805,20.01302,23.79495,3.391174,20.43567,16.1562,5.661879,4.986108,1.937331,4.927734,2.645487,27.0641,7.504319,11.04624,16.05923,7.200019,19.93042,14.99434,28.06279,27.52094,0.9374664,1.865803,18.54756,5.507266,4.31251,1.145738,18.37622,17.39421,0.6971349,8.777291,12.53457,12.65693,9.015909,7.212545,3.530513,17.64106,19.96338,20.58375,0.6711766,13.63135,28.54139,38.56506,9.317908,25.75435,35.44397,11.43356,20.11247,8.069184,23.59772,33.51359,9.640212,17.00974,6.803223,37.73145,17.82324,3.143243,3.375974,9.321126,0.6598426,11.71911,0.501711,33.17894,15.3795,7.254196,3.670056,1.058177,37.2422,14.28571,10.2786,50.55711,9.337731,2.425376)


#n_i0 <- rep(1,200) # for testing only